10.0 5.0 0.0
0.0 1.0 0.0
-1.0 -0.5 -1.0
120.0
1
p
5.0 3.0 -5.0
255 255 255
9
c
20 20 20
200 200 200
15.0
0.4
0.95
1.2
1.0 1.5 -5.0
1.0 0.5 -5.0
2.0 0.5 -5.0
2.0 1.5 -5.0
1.0 1.5 -6.0
1.0 0.5 -6.0
2.0 0.5 -6.0
2.0 1.5 -6.0
c
0 200 200
200 200 200
10.0
0.7
0.0
1.2
-1.0 1.0 -9.0
-1.0 0.0 -9.0
0.0 0.0 -9.0
0.0 1.0 -9.0
-1.0 1.0 -10.0
-1.0 0.0 -10.0
0.0 0.0 -10.0
0.0 1.0 -10.0
c
50 100 200
200 200 200
10.0
0.45
0.0
1.2
0.0 0.0 -7.2
0.0 -1.0 -7.2
1.0 -1.0 -7.2
1.0 0.0 -7.2
0.0 0.0 -8.2
0.0 -1.0 -8.2
1.0 -1.0 -8.2
1.0 0.0 -8.2
s
150 100 0
250 250 250
20.0
0.7
0.0
1.2
0.0 2.0 -6.0
0.5
s
200 0 0
250 250 250
15.0
0.7
0.0
1.2
4.0 0.0 -6.5
0.5
s
0 0 0
220 220 220
25.0
1.0
0.0
1.2
3.0 -0.5 -9.0
0.5
s
0 0 200
200 200 200
15.0
0.5
0.5
1.2
1.5 -0.5 -11.0
0.5
p
140 140 140
140 140 140
30.0
0.8
0.0
1.2
0.0 1.0 0.0
0.0 -1.0 0.0
o
0 200 0
0 0 0
30.0
0.0
0.0
1.2
Data/Sphere.obj